123.45678901234567890123456789012345678901234567890
0.00000000000000000000000000000000000000000000000123
45678901234567890123456789012345678901234567890.123456789012345678901234567890
3.14159265358979323846264338327950288419716939937510e-2
2.71828182845904523536028747135266249775724709369995e3
-6.02214085774747447474747474747474747474747474747e23
9.80665000000000000000000000000000000000000000000000
-1.602176634000000000000000000000000000000000000000e-19
1000000000000000000000000000000000000000000000000000.0
12345678901234567890123456789012345678901234567890e50
